302004405
303004424
304004455
305004473
306004482
307004494
308004513
309004529
310004533
311004562
312004581
313004604
314004634
315004748
316004776
317004795
318004822
319004830
320004859
321004883
322005118
323005149
324005152
325005156
326005166
327005168
328005197
329005211
330005237
331005263
332005287
333005312
334005324
335005334
336005364
337005390
338005395
339005411
340005414
341005441
342005465
343005490
344005499
345005502
346005511
347005531
348005541
349005550
350005558
351005569
352005588
353006266
354006281
355006300
356006302
357006307
358006329
359006349
360006354
361006363
362006385
363006415
364006427
365006449
366006452
367006460
368006469
369006500
370006508
371006526
372006534
373006545
374006572
375006580
376006590
377006615
378006632
379006643
380006665
381006684
382006703
383006722
384006739
385006760
386006789
387006799
388006814
389006835
390006838
391006839
392006851
393006860
394006866
395006884
396006906
397006909
398006921
399006924
400006936
401006954
402006955
403006978
404006995
405007315
406007347
407007354
408007376
409007387
410007415
411007445
412007457
413007484
414007490
415007509
416007530
417007555
418007580
419007587
420007596
421007605
422007609
423007633
424007635
425007647
426007678
427007694
428007699
429007706
430007728
431007739
432007746
433007766
434007783
435007785
436007788
437007802
438007812
439007828
440007851
441007862
442007880
443007891
444007908
445007915
446007926
447007939
448007956
449007960
450007981
451007991
452008010
453008039
454008047
455008062
456008092
457008098
458008105
459008117
460008126
461008151
462008163
463008191
464008207
465008234
466008241
467008250
468008268
469008276
470008277
471008304
472008313
473008328
474008341
475008353
476008384
477008397
478008427
479008447
480008467
481008485
482008510
483008512
484008543
485008567
486008589
487008606
488008622
489008633
490008644
491008675
492008689
493008718
494008726
495008745
496008747
497008778
498008808
499008827
500008847
501008855
502008877
503008881
504008898
505008903
506008925
507008933
508008942
509008961
510008976
511008998
512009025
513009035
514009054
515009062
516009069
517009078
518009086
519009095
520009104
521009115
522009136
523009145
524009159
525009167
526009185
527009195
528009197
529009217
530009256
531009280
532009302
533009312
534009334
535009339
536009344
537009367
538009373
539009399
540009405
541009422
542009433
543009444
544009448
545009458
546009471
547009499
548009517
549009521
550009536
551009551
552009565
553009585
554009615
555009623
556009644
557009651
558009658
559010472
560010480
561010489
562010490
563010509
564010527
565010548
566010559
567010582
568010602
569010609
570010619
571010640
572010666
573010673
574010677
575010704
576010730
577010748
578010756
579010767
580010775
581010804
582010830
583010841
584010853
585010859
586010874
587010889
588010903
589010917
590010922
591010943
592010965
593010970
594010989
595010999
596011000
597011004
598011021
599011039
600011053
601011078
602011080
603011096
604011102
605011103
606011126
607011146
608011164
609011192
610011201
611011223
Parsed 48821 messages
